Cytokine: 0
Time: [    0.           500.04340655  1000.08681309  1500.13021964
  2000.17362618  2500.21703273  3000.26043927  3500.30384582
  4000.34725237  4500.39065891  5000.43406546  5500.477472
  6000.52087855  6500.56428509  7000.60769164  7500.65109819
  8000.69450473  8500.73791128  9000.78131782  9500.82472437
 10000.86813091 10500.91153746 11000.95494401 11500.99835055
 12001.0417571  12501.08516364 13001.12857019 13501.17197673
 14001.21538328 14501.25878983 15001.30219637 15501.34560292
 16001.38900946 16501.43241601 17001.47582255 17501.5192291
 18001.56263565 18501.60604219 19001.64944874 19501.69285528
 20001.73626183 20501.77966837 21001.82307492 21501.86648147
 22001.90988801 22501.95329456 23001.9967011  23502.04010765
 24002.08351419 24502.12692074 25002.17032729 25502.21373383
 26002.25714038 26502.30054692 27002.34395347 27502.38736001
 28002.43076656 28502.47417311 29002.51757965 29502.5609862
 30002.60439274 30502.64779929 31002.69120583 31502.73461238
 32002.77801893 32502.82142547 33002.86483202 33502.90823856
 34002.95164511 34502.99505165 35003.0384582  35503.08186475
 36003.12527129 36503.16867784 37003.21208438 37503.25549093
 38003.29889747 38503.34230402 39003.38571057 39503.42911711
 40003.47252366 40503.5159302  41003.55933675 41503.60274329
 42003.64614984 42503.68955639 43003.73296293 43503.77636948
 44003.81977602 44503.86318257 45003.90658911 45503.94999566
 46003.99340221 46504.03680875 47004.0802153  47504.12362184
 48004.16702839 48504.21043493 49004.25384148 49504.29724803
 50004.34065457 50504.38406112 51004.42746766 51504.47087421
 52004.51428075 52504.5576873  53004.60109384 53504.64450039
 54004.68790694 54504.73131348 55004.77472003 55504.81812657
 56004.86153312 56504.90493966 57004.94834621 57504.99175276]
Solution : [0.00000000e+00 1.71313709e-09 3.49846676e-09 5.28415326e-09
 7.07033517e-09 8.85733862e-09 1.06453909e-08 1.24347182e-08
 1.42255588e-08 1.60181469e-08 1.78127191e-08 1.96095074e-08
 2.14087482e-08 2.32106764e-08 2.50155336e-08 2.68235571e-08
 2.86349823e-08 3.04500462e-08 3.22690038e-08 3.40920860e-08
 3.59195321e-08 3.77516009e-08 3.95885747e-08 4.14306656e-08
 4.32781154e-08 4.51311658e-08 4.69900583e-08 4.88550346e-08
 5.07263365e-08 5.26043918e-08 5.44893428e-08 5.63814296e-08
 5.82809029e-08 6.01880136e-08 6.21030126e-08 6.40261505e-08
 6.59578293e-08 6.78983611e-08 6.98479068e-08 7.18067310e-08
 7.37750981e-08 7.57532728e-08 7.77415195e-08 7.97401532e-08
 8.17497472e-08 8.37703572e-08 8.58022652e-08 8.78457534e-08
 8.99011038e-08 9.19685986e-08 9.40485200e-08 9.61415850e-08
 9.82479756e-08 1.00367892e-07 1.02501644e-07 1.04649545e-07
 1.06811905e-07 1.08989038e-07 1.11181254e-07 1.13388868e-07
 1.15612191e-07 1.17851537e-07 1.20107275e-07 1.22380627e-07
 1.24671258e-07 1.26979525e-07 1.29305786e-07 1.31650401e-07
 1.34013734e-07 1.36396148e-07 1.38798012e-07 1.41219695e-07
 1.43661569e-07 1.46124007e-07 1.48607702e-07 1.51113446e-07
 1.53641194e-07 1.56191370e-07 1.58764401e-07 1.61360717e-07
 1.63980754e-07 1.66624952e-07 1.69293754e-07 1.71987609e-07
 1.74706970e-07 1.77452294e-07 1.80224469e-07 1.83023911e-07
 1.85850937e-07 1.88706050e-07 1.91589758e-07 1.94502574e-07
 1.97445019e-07 2.00417618e-07 2.03420902e-07 2.06455408e-07
 2.09521680e-07 2.12620265e-07 2.15752251e-07 2.18917846e-07
 2.22117627e-07 2.25352188e-07 2.28622130e-07 2.31928064e-07
 2.35270604e-07 2.38650374e-07 2.42068004e-07 2.45524130e-07
 2.49019395e-07 2.52554578e-07 2.56130635e-07 2.59747969e-07
 2.63407270e-07 2.67109240e-07 2.70854588e-07 2.74644030e-07]
Steady state at:57504.991752756316
ssq:9.944994394580684e-09
Cytokine: 1
Time: [    0.           500.04340655  1000.08681309  1500.13021964
  2000.17362618  2500.21703273  3000.26043927  3500.30384582
  4000.34725237  4500.39065891  5000.43406546  5500.477472
  6000.52087855  6500.56428509  7000.60769164  7500.65109819
  8000.69450473  8500.73791128  9000.78131782  9500.82472437
 10000.86813091 10500.91153746 11000.95494401 11500.99835055
 12001.0417571  12501.08516364 13001.12857019 13501.17197673
 14001.21538328 14501.25878983 15001.30219637 15501.34560292
 16001.38900946 16501.43241601 17001.47582255 17501.5192291
 18001.56263565 18501.60604219 19001.64944874 19501.69285528
 20001.73626183 20501.77966837 21001.82307492 21501.86648147
 22001.90988801 22501.95329456 23001.9967011  23502.04010765
 24002.08351419 24502.12692074 25002.17032729 25502.21373383
 26002.25714038 26502.30054692 27002.34395347 27502.38736001
 28002.43076656 28502.47417311 29002.51757965 29502.5609862
 30002.60439274 30502.64779929 31002.69120583 31502.73461238
 32002.77801893 32502.82142547 33002.86483202 33502.90823856
 34002.95164511 34502.99505165 35003.0384582  35503.08186475
 36003.12527129 36503.16867784 37003.21208438 37503.25549093
 38003.29889747 38503.34230402 39003.38571057 39503.42911711
 40003.47252366 40503.5159302  41003.55933675 41503.60274329
 42003.64614984 42503.68955639 43003.73296293 43503.77636948
 44003.81977602 44503.86318257 45003.90658911 45503.94999566
 46003.99340221 46504.03680875 47004.0802153  47504.12362184
 48004.16702839 48504.21043493 49004.25384148 49504.29724803
 50004.34065457 50504.38406112 51004.42746766 51504.47087421
 52004.51428075 52504.5576873  53004.60109384 53504.64450039
 54004.68790694 54504.73131348 55004.77472003 55504.81812657
 56004.86153312 56504.90493966 57004.94834621 57504.99175276]
Solution : [0.00000000e+00 1.13132543e-05 1.68393155e-05 1.92532709e-05
 2.02029557e-05 2.06112999e-05 2.08204491e-05 2.09538423e-05
 2.10504809e-05 2.11421882e-05 2.11944226e-05 2.12408340e-05
 2.12509131e-05 2.12593243e-05 2.12722091e-05 2.12946576e-05
 2.13224665e-05 2.13559791e-05 2.13938179e-05 2.14369140e-05
 2.14853988e-05 2.15380953e-05 2.15922307e-05 2.16497645e-05
 2.17106661e-05 2.17749050e-05 2.18424509e-05 2.19132732e-05
 2.19873413e-05 2.20641473e-05 2.21439153e-05 2.22266193e-05
 2.23122051e-05 2.24006189e-05 2.24918068e-05 2.25857148e-05
 2.26830076e-05 2.27839230e-05 2.28879794e-05 2.29951883e-05
 2.31055608e-05 2.32191082e-05 2.33358420e-05 2.34558470e-05
 2.35795851e-05 2.37067628e-05 2.38374170e-05 2.39715847e-05
 2.41093029e-05 2.42506085e-05 2.43955385e-05 2.45441641e-05
 2.46965144e-05 2.48526198e-05 2.50125197e-05 2.51762532e-05
 2.53438598e-05 2.55153788e-05 2.56908494e-05 2.58703111e-05
 2.60538033e-05 2.62413653e-05 2.64330493e-05 2.66291003e-05
 2.68294112e-05 2.70340307e-05 2.72430085e-05 2.74563943e-05
 2.76742385e-05 2.78965919e-05 2.81235059e-05 2.83550323e-05
 2.85912232e-05 2.88321316e-05 2.90779009e-05 2.93287035e-05
 2.95844719e-05 2.98452718e-05 3.01111703e-05 3.03822355e-05
 3.06585362e-05 3.09401428e-05 3.12271264e-05 3.15195593e-05
 3.18175147e-05 3.21210670e-05 3.24303236e-05 3.27453572e-05
 3.30662339e-05 3.33930344e-05 3.37258406e-05 3.40647355e-05
 3.44098033e-05 3.47611294e-05 3.51188002e-05 3.54829036e-05
 3.58535283e-05 3.62307644e-05 3.66147668e-05 3.70055857e-05
 3.74033159e-05 3.78080549e-05 3.82199015e-05 3.86389557e-05
 3.90653191e-05 3.94990942e-05 3.99403852e-05 4.03892974e-05
 4.08459374e-05 4.13103957e-05 4.17827403e-05 4.22631181e-05
 4.27516378e-05 4.32484096e-05 4.37535448e-05 4.42671558e-05]
Steady state at:57504.991752756316
ssq:2.5633052571323876e-09
